version https://git-lfs.github.com/spec/v1
oid sha256:ae791ae5195c5a911fbee51faa4138a8ef62f217a1ec18d6d1769b31d59cf89f
size 82401
